{
 "cells": [
  {
   "cell_type": "code",
   "execution_count": 28,
   "metadata": {
    "collapsed": true
   },
   "outputs": [],
   "source": [
    "import math\n",
    "import operator\n",
    "import numpy as np \n",
    "import pandas as pd \n",
    "import matplotlib.pyplot as plt\n",
    "from scipy.stats import pearsonr"
   ]
  },
  {
   "cell_type": "code",
   "execution_count": 29,
   "metadata": {
    "collapsed": true
   },
   "outputs": [],
   "source": [
    "def euclideanDistance(instance1, instance2, length):\n",
    "    distance = 0\n",
    "    for x in range(length):\n",
    "        distance += pow((instance1[x] - instance2[x]), 2)\n",
    "    return math.sqrt(distance)\n",
    " \n",
    "def getNeighbors(trainingSet, testInstance, k):\n",
    "    distances = []\n",
    "    length = len(testInstance)-1\n",
    "    print (testInstance)\n",
    "    for x in range(len(trainingSet)):\n",
    "        #print (testInstance,trainingSet[x])\n",
    "        dist = euclideanDistance(testInstance, trainingSet[x], length)\n",
    "        distances.append((trainingSet[x], dist))\n",
    "    distances.sort(key=operator.itemgetter(1))\n",
    "    neighbors = []\n",
    "    for x in range(k):\n",
    "        neighbors.append(distances[x][0])\n",
    "    return neighbors\n",
    " \n",
    "def getResponse(neighbors):\n",
    "\tclassVotes = {}\n",
    "\tfor x in range(len(neighbors)):\n",
    "\t\tresponse = neighbors[x][-1]\n",
    "\t\tif response in classVotes:\n",
    "\t\t\tclassVotes[response] += 1\n",
    "\t\telse:\n",
    "\t\t\tclassVotes[response] = 1\n",
    "\tsortedVotes = sorted(classVotes.items(), key=operator.itemgetter(1), reverse=True)\n",
    "\treturn sortedVotes[0][0]\n",
    " \n",
    "def getAccuracy(testSet, predictions):\n",
    "\tcorrect = 0\n",
    "\tfor x in range(len(testSet)):\n",
    "\t\tif testSet[x] == predictions[x]:\n",
    "\t\t\tcorrect += 1\n",
    "\treturn (correct/float(len(testSet))) * 100.0"
   ]
  },
  {
   "cell_type": "code",
   "execution_count": 46,
   "metadata": {
    "collapsed": true
   },
   "outputs": [],
   "source": [
    "#Getting the important\n",
    "def get_important_features(data,label,thresh):\n",
    "    correlation = []\n",
    "    for col in data.columns:\n",
    "        row = []\n",
    "        for col2 in data.columns:\n",
    "            row.append(pearsonr(data[col],data[col2])[0])\n",
    "        correlation.append(row)\n",
    "    return [x[1] for x in sorted(correlation) if x[0]>thresh],correlation\n",
    "    \n",
    "def get_important_feature_data(data,important_features):\n",
    "    important_feature_data = []\n",
    "    #print important_features\n",
    "    for index in range(tornado_data.shape[0]):\n",
    "        row = [data[col][index] for col in important_features]\n",
    "        important_feature_data.append(row)\n",
    "    return important_feature_data"
   ]
  },
  {
   "cell_type": "code",
   "execution_count": 36,
   "metadata": {},
   "outputs": [
    {
     "name": "stdout",
     "output_type": "stream",
     "text": [
      "0        3\n",
      "1        3\n",
      "2        1\n",
      "3        3\n",
      "4        2\n",
      "5        2\n",
      "6        2\n",
      "7        2\n",
      "8        3\n",
      "9        2\n",
      "10       2\n",
      "11       2\n",
      "12       1\n",
      "13       2\n",
      "14       1\n",
      "15       2\n",
      "16       1\n",
      "17       3\n",
      "18       2\n",
      "19       4\n",
      "20       2\n",
      "21       3\n",
      "22       2\n",
      "23       1\n",
      "24       1\n",
      "25       2\n",
      "26       2\n",
      "27       1\n",
      "28       2\n",
      "29       1\n",
      "        ..\n",
      "60084    0\n",
      "60085    0\n",
      "60086    0\n",
      "60087    0\n",
      "60088    0\n",
      "60089    3\n",
      "60090    4\n",
      "60091    0\n",
      "60092    2\n",
      "60093    1\n",
      "60094    1\n",
      "60095    0\n",
      "60096    1\n",
      "60097    1\n",
      "60098    1\n",
      "60099    1\n",
      "60100    1\n",
      "60101    2\n",
      "60102    1\n",
      "60103    1\n",
      "60104    1\n",
      "60105    1\n",
      "60106    1\n",
      "60107    1\n",
      "60108    1\n",
      "60109    1\n",
      "60110    2\n",
      "60111    1\n",
      "60112    1\n",
      "60113    0\n",
      "Name: mag, Length: 60114, dtype: int64\n"
     ]
    }
   ],
   "source": [
    "storm_df = pd.read_csv('Tornadoes_SPC_1950to2015.csv')\n",
    "tonadoes_1996 = df[df['yr'] >= 1996][['st','loss','closs']]\n",
    "print (storm_df['mag'])"
   ]
  },
  {
   "cell_type": "code",
   "execution_count": 37,
   "metadata": {},
   "outputs": [
    {
     "name": "stdout",
     "output_type": "stream",
     "text": [
      "    om    yr  mo  dy  tz  stf  stn  inj  fat  loss  closs   slat   slon  \\\n",
      "0    1  1950   1   3   3   29    1    3    0   6.0    0.0  38.77 -90.22   \n",
      "1    2  1950   1   3   3   17    2    3    0   5.0    0.0  39.10 -89.30   \n",
      "2    3  1950   1   3   3   39    1    1    0   4.0    0.0  40.88 -84.58   \n",
      "3    4  1950   1  13   3    5    1    1    1   3.0    0.0  34.40 -94.37   \n",
      "4    5  1950   1  25   3   29    2    5    0   5.0    0.0  37.60 -90.68   \n",
      "5    6  1950   1  25   3   17    3    0    0   5.0    0.0  41.17 -87.33   \n",
      "6    7  1950   1  26   3   48    1    2    0   0.0    0.0  26.88 -98.12   \n",
      "7    8  1950   2  11   3   48    2    0    0   4.0    0.0  29.42 -95.25   \n",
      "8    9  1950   2  11   3   48    3   12    1   4.0    0.0  29.67 -95.05   \n",
      "9   10  1950   2  11   3   48    4    5    0   5.0    0.0  32.35 -95.20   \n",
      "10  11  1950   2  11   3   48    5    6    0   5.0    0.0  32.98 -94.63   \n",
      "11  12  1950   2  12   3   48    6    8    1   4.0    0.0  33.33 -94.42   \n",
      "\n",
      "     elat   elon   len   wid  fc  mag  \n",
      "0   38.83 -90.03   9.5   150   0    3  \n",
      "1   39.12 -89.23   3.6   130   0    3  \n",
      "2    0.00   0.00   0.1    10   0    1  \n",
      "3    0.00   0.00   0.6    17   0    3  \n",
      "4   37.63 -90.65   2.3   300   0    2  \n",
      "5    0.00   0.00   0.1   100   0    2  \n",
      "6   26.88 -98.05   4.7   133   0    2  \n",
      "7   29.52 -95.13   9.9   400   0    2  \n",
      "8   29.83 -95.00  12.0  1000   0    3  \n",
      "9   32.42 -95.20   4.6   100   0    2  \n",
      "10  33.00 -94.70   4.5    67   0    2  \n",
      "11  33.45 -94.42   8.0   833   0    2  \n"
     ]
    }
   ],
   "source": [
    "#Removing columns with string data and label\n",
    "#print (tornado_data[0:12])\n",
    "mag_data = storm_df['mag']\n",
    "storm_df = storm_df.drop(['st','date','time','mag'],axis=1)\n",
    "#Getting the labels\n",
    "#mag_data = storm_df['mag']\n",
    "storm_df[\"mag\"]=mag_data\n",
    "print (storm_df[0:12])"
   ]
  },
  {
   "cell_type": "code",
   "execution_count": 47,
   "metadata": {},
   "outputs": [
    {
     "name": "stdout",
     "output_type": "stream",
     "text": [
      "Index(['om', 'yr', 'mo', 'dy', 'tz', 'stf', 'stn', 'inj', 'fat', 'loss',\n",
      "       'closs', 'slat', 'slon', 'elat', 'elon', 'len', 'wid', 'fc', 'mag'],\n",
      "      dtype='object')\n",
      "[ 0  1  2  3  4  5  6  7  8  9 10 11 12 13 14 15 16 17 18]\n"
     ]
    },
    {
     "data": {
      "text/html": [
       "<div>\n",
       "<style>\n",
       "    .dataframe thead tr:only-child th {\n",
       "        text-align: right;\n",
       "    }\n",
       "\n",
       "    .dataframe thead th {\n",
       "        text-align: left;\n",
       "    }\n",
       "\n",
       "    .dataframe tbody tr th {\n",
       "        vertical-align: top;\n",
       "    }\n",
       "</style>\n",
       "<table border=\"1\" class=\"dataframe\">\n",
       "  <thead>\n",
       "    <tr style=\"text-align: right;\">\n",
       "      <th></th>\n",
       "      <th>om</th>\n",
       "      <th>yr</th>\n",
       "      <th>mo</th>\n",
       "      <th>dy</th>\n",
       "      <th>tz</th>\n",
       "      <th>stf</th>\n",
       "      <th>stn</th>\n",
       "      <th>inj</th>\n",
       "      <th>fat</th>\n",
       "      <th>loss</th>\n",
       "      <th>closs</th>\n",
       "      <th>slat</th>\n",
       "      <th>slon</th>\n",
       "      <th>elat</th>\n",
       "      <th>elon</th>\n",
       "      <th>len</th>\n",
       "      <th>wid</th>\n",
       "      <th>fc</th>\n",
       "      <th>mag</th>\n",
       "    </tr>\n",
       "  </thead>\n",
       "  <tbody>\n",
       "    <tr>\n",
       "      <th>om</th>\n",
       "      <td>1.000000</td>\n",
       "      <td>0.440625</td>\n",
       "      <td>-0.009034</td>\n",
       "      <td>0.056986</td>\n",
       "      <td>-0.004388</td>\n",
       "      <td>-0.021670</td>\n",
       "      <td>-0.174338</td>\n",
       "      <td>-0.004064</td>\n",
       "      <td>0.002236</td>\n",
       "      <td>0.002986</td>\n",
       "      <td>0.017372</td>\n",
       "      <td>0.003994</td>\n",
       "      <td>0.018468</td>\n",
       "      <td>0.267938</td>\n",
       "      <td>-0.271676</td>\n",
       "      <td>0.007244</td>\n",
       "      <td>0.098176</td>\n",
       "      <td>-0.055649</td>\n",
       "      <td>-0.066736</td>\n",
       "    </tr>\n",
       "    <tr>\n",
       "      <th>yr</th>\n",
       "      <td>0.440625</td>\n",
       "      <td>1.000000</td>\n",
       "      <td>0.011969</td>\n",
       "      <td>0.025657</td>\n",
       "      <td>0.006949</td>\n",
       "      <td>-0.052393</td>\n",
       "      <td>-0.017689</td>\n",
       "      <td>-0.037734</td>\n",
       "      <td>-0.031706</td>\n",
       "      <td>-0.027902</td>\n",
       "      <td>0.021959</td>\n",
       "      <td>0.016368</td>\n",
       "      <td>0.022514</td>\n",
       "      <td>0.538407</td>\n",
       "      <td>-0.546885</td>\n",
       "      <td>-0.075686</td>\n",
       "      <td>0.072242</td>\n",
       "      <td>-0.221095</td>\n",
       "      <td>-0.309027</td>\n",
       "    </tr>\n",
       "    <tr>\n",
       "      <th>mo</th>\n",
       "      <td>-0.009034</td>\n",
       "      <td>0.011969</td>\n",
       "      <td>1.000000</td>\n",
       "      <td>-0.042629</td>\n",
       "      <td>0.002594</td>\n",
       "      <td>0.000992</td>\n",
       "      <td>0.292656</td>\n",
       "      <td>-0.025623</td>\n",
       "      <td>-0.027052</td>\n",
       "      <td>-0.010072</td>\n",
       "      <td>-0.007497</td>\n",
       "      <td>0.043966</td>\n",
       "      <td>0.037097</td>\n",
       "      <td>-0.021293</td>\n",
       "      <td>0.030595</td>\n",
       "      <td>-0.056400</td>\n",
       "      <td>-0.057693</td>\n",
       "      <td>0.019223</td>\n",
       "      <td>-0.050574</td>\n",
       "    </tr>\n",
       "    <tr>\n",
       "      <th>dy</th>\n",
       "      <td>0.056986</td>\n",
       "      <td>0.025657</td>\n",
       "      <td>-0.042629</td>\n",
       "      <td>1.000000</td>\n",
       "      <td>-0.001202</td>\n",
       "      <td>0.002549</td>\n",
       "      <td>0.032107</td>\n",
       "      <td>-0.009754</td>\n",
       "      <td>-0.003672</td>\n",
       "      <td>-0.000344</td>\n",
       "      <td>0.005783</td>\n",
       "      <td>-0.000065</td>\n",
       "      <td>-0.004350</td>\n",
       "      <td>0.017425</td>\n",
       "      <td>-0.019283</td>\n",
       "      <td>-0.006369</td>\n",
       "      <td>0.011614</td>\n",
       "      <td>-0.000996</td>\n",
       "      <td>-0.010877</td>\n",
       "    </tr>\n",
       "    <tr>\n",
       "      <th>tz</th>\n",
       "      <td>-0.004388</td>\n",
       "      <td>0.006949</td>\n",
       "      <td>0.002594</td>\n",
       "      <td>-0.001202</td>\n",
       "      <td>1.000000</td>\n",
       "      <td>0.012658</td>\n",
       "      <td>-0.009781</td>\n",
       "      <td>-0.001155</td>\n",
       "      <td>-0.000889</td>\n",
       "      <td>-0.001288</td>\n",
       "      <td>-0.000248</td>\n",
       "      <td>0.020861</td>\n",
       "      <td>-0.021750</td>\n",
       "      <td>-0.009674</td>\n",
       "      <td>0.010290</td>\n",
       "      <td>-0.000657</td>\n",
       "      <td>-0.002896</td>\n",
       "      <td>-0.002537</td>\n",
       "      <td>-0.007434</td>\n",
       "    </tr>\n",
       "    <tr>\n",
       "      <th>stf</th>\n",
       "      <td>-0.021670</td>\n",
       "      <td>-0.052393</td>\n",
       "      <td>0.000992</td>\n",
       "      <td>0.002549</td>\n",
       "      <td>0.012658</td>\n",
       "      <td>1.000000</td>\n",
       "      <td>0.209450</td>\n",
       "      <td>-0.015333</td>\n",
       "      <td>-0.012574</td>\n",
       "      <td>-0.011903</td>\n",
       "      <td>-0.002569</td>\n",
       "      <td>0.089514</td>\n",
       "      <td>-0.132844</td>\n",
       "      <td>-0.038397</td>\n",
       "      <td>0.044652</td>\n",
       "      <td>-0.039258</td>\n",
       "      <td>-0.019945</td>\n",
       "      <td>0.007176</td>\n",
       "      <td>-0.022188</td>\n",
       "    </tr>\n",
       "    <tr>\n",
       "      <th>stn</th>\n",
       "      <td>-0.174338</td>\n",
       "      <td>-0.017689</td>\n",
       "      <td>0.292656</td>\n",
       "      <td>0.032107</td>\n",
       "      <td>-0.009781</td>\n",
       "      <td>0.209450</td>\n",
       "      <td>1.000000</td>\n",
       "      <td>-0.016975</td>\n",
       "      <td>-0.009571</td>\n",
       "      <td>-0.005035</td>\n",
       "      <td>-0.007628</td>\n",
       "      <td>-0.267270</td>\n",
       "      <td>-0.171904</td>\n",
       "      <td>-0.094884</td>\n",
       "      <td>0.053787</td>\n",
       "      <td>-0.058978</td>\n",
       "      <td>-0.047451</td>\n",
       "      <td>0.010039</td>\n",
       "      <td>-0.081774</td>\n",
       "    </tr>\n",
       "    <tr>\n",
       "      <th>inj</th>\n",
       "      <td>-0.004064</td>\n",
       "      <td>-0.037734</td>\n",
       "      <td>-0.025623</td>\n",
       "      <td>-0.009754</td>\n",
       "      <td>-0.001155</td>\n",
       "      <td>-0.015333</td>\n",
       "      <td>-0.016975</td>\n",
       "      <td>1.000000</td>\n",
       "      <td>0.760394</td>\n",
       "      <td>0.396318</td>\n",
       "      <td>0.031558</td>\n",
       "      <td>-0.011022</td>\n",
       "      <td>0.034252</td>\n",
       "      <td>0.050842</td>\n",
       "      <td>-0.047573</td>\n",
       "      <td>0.252200</td>\n",
       "      <td>0.198564</td>\n",
       "      <td>-0.013839</td>\n",
       "      <td>0.223765</td>\n",
       "    </tr>\n",
       "    <tr>\n",
       "      <th>fat</th>\n",
       "      <td>0.002236</td>\n",
       "      <td>-0.031706</td>\n",
       "      <td>-0.027052</td>\n",
       "      <td>-0.003672</td>\n",
       "      <td>-0.000889</td>\n",
       "      <td>-0.012574</td>\n",
       "      <td>-0.009571</td>\n",
       "      <td>0.760394</td>\n",
       "      <td>1.000000</td>\n",
       "      <td>0.452261</td>\n",
       "      <td>0.033671</td>\n",
       "      <td>-0.010680</td>\n",
       "      <td>0.023290</td>\n",
       "      <td>0.043271</td>\n",
       "      <td>-0.041803</td>\n",
       "      <td>0.230123</td>\n",
       "      <td>0.183429</td>\n",
       "      <td>-0.010831</td>\n",
       "      <td>0.197807</td>\n",
       "    </tr>\n",
       "    <tr>\n",
       "      <th>loss</th>\n",
       "      <td>0.002986</td>\n",
       "      <td>-0.027902</td>\n",
       "      <td>-0.010072</td>\n",
       "      <td>-0.000344</td>\n",
       "      <td>-0.001288</td>\n",
       "      <td>-0.011903</td>\n",
       "      <td>-0.005035</td>\n",
       "      <td>0.396318</td>\n",
       "      <td>0.452261</td>\n",
       "      <td>1.000000</td>\n",
       "      <td>0.069435</td>\n",
       "      <td>-0.009378</td>\n",
       "      <td>0.023814</td>\n",
       "      <td>-0.006686</td>\n",
       "      <td>0.007353</td>\n",
       "      <td>0.113120</td>\n",
       "      <td>0.145159</td>\n",
       "      <td>-0.004930</td>\n",
       "      <td>0.122979</td>\n",
       "    </tr>\n",
       "    <tr>\n",
       "      <th>closs</th>\n",
       "      <td>0.017372</td>\n",
       "      <td>0.021959</td>\n",
       "      <td>-0.007497</td>\n",
       "      <td>0.005783</td>\n",
       "      <td>-0.000248</td>\n",
       "      <td>-0.002569</td>\n",
       "      <td>-0.007628</td>\n",
       "      <td>0.031558</td>\n",
       "      <td>0.033671</td>\n",
       "      <td>0.069435</td>\n",
       "      <td>1.000000</td>\n",
       "      <td>-0.002874</td>\n",
       "      <td>0.002428</td>\n",
       "      <td>0.014433</td>\n",
       "      <td>-0.014742</td>\n",
       "      <td>0.082670</td>\n",
       "      <td>0.101347</td>\n",
       "      <td>-0.003124</td>\n",
       "      <td>0.032723</td>\n",
       "    </tr>\n",
       "    <tr>\n",
       "      <th>slat</th>\n",
       "      <td>0.003994</td>\n",
       "      <td>0.016368</td>\n",
       "      <td>0.043966</td>\n",
       "      <td>-0.000065</td>\n",
       "      <td>0.020861</td>\n",
       "      <td>0.089514</td>\n",
       "      <td>-0.267270</td>\n",
       "      <td>-0.011022</td>\n",
       "      <td>-0.010680</td>\n",
       "      <td>-0.009378</td>\n",
       "      <td>-0.002874</td>\n",
       "      <td>1.000000</td>\n",
       "      <td>-0.170971</td>\n",
       "      <td>0.172194</td>\n",
       "      <td>-0.045880</td>\n",
       "      <td>0.003195</td>\n",
       "      <td>-0.011076</td>\n",
       "      <td>0.039313</td>\n",
       "      <td>-0.017290</td>\n",
       "    </tr>\n",
       "    <tr>\n",
       "      <th>slon</th>\n",
       "      <td>0.018468</td>\n",
       "      <td>0.022514</td>\n",
       "      <td>0.037097</td>\n",
       "      <td>-0.004350</td>\n",
       "      <td>-0.021750</td>\n",
       "      <td>-0.132844</td>\n",
       "      <td>-0.171904</td>\n",
       "      <td>0.034252</td>\n",
       "      <td>0.023290</td>\n",
       "      <td>0.023814</td>\n",
       "      <td>0.002428</td>\n",
       "      <td>-0.170971</td>\n",
       "      <td>1.000000</td>\n",
       "      <td>0.032839</td>\n",
       "      <td>0.046009</td>\n",
       "      <td>0.050416</td>\n",
       "      <td>0.053603</td>\n",
       "      <td>-0.074757</td>\n",
       "      <td>0.136228</td>\n",
       "    </tr>\n",
       "    <tr>\n",
       "      <th>elat</th>\n",
       "      <td>0.267938</td>\n",
       "      <td>0.538407</td>\n",
       "      <td>-0.021293</td>\n",
       "      <td>0.017425</td>\n",
       "      <td>-0.009674</td>\n",
       "      <td>-0.038397</td>\n",
       "      <td>-0.094884</td>\n",
       "      <td>0.050842</td>\n",
       "      <td>0.043271</td>\n",
       "      <td>-0.006686</td>\n",
       "      <td>0.014433</td>\n",
       "      <td>0.172194</td>\n",
       "      <td>0.032839</td>\n",
       "      <td>1.000000</td>\n",
       "      <td>-0.975287</td>\n",
       "      <td>0.299551</td>\n",
       "      <td>0.227204</td>\n",
       "      <td>-0.162807</td>\n",
       "      <td>0.084820</td>\n",
       "    </tr>\n",
       "    <tr>\n",
       "      <th>elon</th>\n",
       "      <td>-0.271676</td>\n",
       "      <td>-0.546885</td>\n",
       "      <td>0.030595</td>\n",
       "      <td>-0.019283</td>\n",
       "      <td>0.010290</td>\n",
       "      <td>0.044652</td>\n",
       "      <td>0.053787</td>\n",
       "      <td>-0.047573</td>\n",
       "      <td>-0.041803</td>\n",
       "      <td>0.007353</td>\n",
       "      <td>-0.014742</td>\n",
       "      <td>-0.045880</td>\n",
       "      <td>0.046009</td>\n",
       "      <td>-0.975287</td>\n",
       "      <td>1.000000</td>\n",
       "      <td>-0.293210</td>\n",
       "      <td>-0.226026</td>\n",
       "      <td>0.161897</td>\n",
       "      <td>-0.071248</td>\n",
       "    </tr>\n",
       "    <tr>\n",
       "      <th>len</th>\n",
       "      <td>0.007244</td>\n",
       "      <td>-0.075686</td>\n",
       "      <td>-0.056400</td>\n",
       "      <td>-0.006369</td>\n",
       "      <td>-0.000657</td>\n",
       "      <td>-0.039258</td>\n",
       "      <td>-0.058978</td>\n",
       "      <td>0.252200</td>\n",
       "      <td>0.230123</td>\n",
       "      <td>0.113120</td>\n",
       "      <td>0.082670</td>\n",
       "      <td>0.003195</td>\n",
       "      <td>0.050416</td>\n",
       "      <td>0.299551</td>\n",
       "      <td>-0.293210</td>\n",
       "      <td>1.000000</td>\n",
       "      <td>0.363591</td>\n",
       "      <td>-0.044712</td>\n",
       "      <td>0.437395</td>\n",
       "    </tr>\n",
       "    <tr>\n",
       "      <th>wid</th>\n",
       "      <td>0.098176</td>\n",
       "      <td>0.072242</td>\n",
       "      <td>-0.057693</td>\n",
       "      <td>0.011614</td>\n",
       "      <td>-0.002896</td>\n",
       "      <td>-0.019945</td>\n",
       "      <td>-0.047451</td>\n",
       "      <td>0.198564</td>\n",
       "      <td>0.183429</td>\n",
       "      <td>0.145159</td>\n",
       "      <td>0.101347</td>\n",
       "      <td>-0.011076</td>\n",
       "      <td>0.053603</td>\n",
       "      <td>0.227204</td>\n",
       "      <td>-0.226026</td>\n",
       "      <td>0.363591</td>\n",
       "      <td>1.000000</td>\n",
       "      <td>-0.062613</td>\n",
       "      <td>0.424948</td>\n",
       "    </tr>\n",
       "    <tr>\n",
       "      <th>fc</th>\n",
       "      <td>-0.055649</td>\n",
       "      <td>-0.221095</td>\n",
       "      <td>0.019223</td>\n",
       "      <td>-0.000996</td>\n",
       "      <td>-0.002537</td>\n",
       "      <td>0.007176</td>\n",
       "      <td>0.010039</td>\n",
       "      <td>-0.013839</td>\n",
       "      <td>-0.010831</td>\n",
       "      <td>-0.004930</td>\n",
       "      <td>-0.003124</td>\n",
       "      <td>0.039313</td>\n",
       "      <td>-0.074757</td>\n",
       "      <td>-0.162807</td>\n",
       "      <td>0.161897</td>\n",
       "      <td>-0.044712</td>\n",
       "      <td>-0.062613</td>\n",
       "      <td>1.000000</td>\n",
       "      <td>-0.053580</td>\n",
       "    </tr>\n",
       "    <tr>\n",
       "      <th>mag</th>\n",
       "      <td>-0.066736</td>\n",
       "      <td>-0.309027</td>\n",
       "      <td>-0.050574</td>\n",
       "      <td>-0.010877</td>\n",
       "      <td>-0.007434</td>\n",
       "      <td>-0.022188</td>\n",
       "      <td>-0.081774</td>\n",
       "      <td>0.223765</td>\n",
       "      <td>0.197807</td>\n",
       "      <td>0.122979</td>\n",
       "      <td>0.032723</td>\n",
       "      <td>-0.017290</td>\n",
       "      <td>0.136228</td>\n",
       "      <td>0.084820</td>\n",
       "      <td>-0.071248</td>\n",
       "      <td>0.437395</td>\n",
       "      <td>0.424948</td>\n",
       "      <td>-0.053580</td>\n",
       "      <td>1.000000</td>\n",
       "    </tr>\n",
       "  </tbody>\n",
       "</table>\n",
       "</div>"
      ],
      "text/plain": [
       "             om        yr        mo        dy        tz       stf       stn  \\\n",
       "om     1.000000  0.440625 -0.009034  0.056986 -0.004388 -0.021670 -0.174338   \n",
       "yr     0.440625  1.000000  0.011969  0.025657  0.006949 -0.052393 -0.017689   \n",
       "mo    -0.009034  0.011969  1.000000 -0.042629  0.002594  0.000992  0.292656   \n",
       "dy     0.056986  0.025657 -0.042629  1.000000 -0.001202  0.002549  0.032107   \n",
       "tz    -0.004388  0.006949  0.002594 -0.001202  1.000000  0.012658 -0.009781   \n",
       "stf   -0.021670 -0.052393  0.000992  0.002549  0.012658  1.000000  0.209450   \n",
       "stn   -0.174338 -0.017689  0.292656  0.032107 -0.009781  0.209450  1.000000   \n",
       "inj   -0.004064 -0.037734 -0.025623 -0.009754 -0.001155 -0.015333 -0.016975   \n",
       "fat    0.002236 -0.031706 -0.027052 -0.003672 -0.000889 -0.012574 -0.009571   \n",
       "loss   0.002986 -0.027902 -0.010072 -0.000344 -0.001288 -0.011903 -0.005035   \n",
       "closs  0.017372  0.021959 -0.007497  0.005783 -0.000248 -0.002569 -0.007628   \n",
       "slat   0.003994  0.016368  0.043966 -0.000065  0.020861  0.089514 -0.267270   \n",
       "slon   0.018468  0.022514  0.037097 -0.004350 -0.021750 -0.132844 -0.171904   \n",
       "elat   0.267938  0.538407 -0.021293  0.017425 -0.009674 -0.038397 -0.094884   \n",
       "elon  -0.271676 -0.546885  0.030595 -0.019283  0.010290  0.044652  0.053787   \n",
       "len    0.007244 -0.075686 -0.056400 -0.006369 -0.000657 -0.039258 -0.058978   \n",
       "wid    0.098176  0.072242 -0.057693  0.011614 -0.002896 -0.019945 -0.047451   \n",
       "fc    -0.055649 -0.221095  0.019223 -0.000996 -0.002537  0.007176  0.010039   \n",
       "mag   -0.066736 -0.309027 -0.050574 -0.010877 -0.007434 -0.022188 -0.081774   \n",
       "\n",
       "            inj       fat      loss     closs      slat      slon      elat  \\\n",
       "om    -0.004064  0.002236  0.002986  0.017372  0.003994  0.018468  0.267938   \n",
       "yr    -0.037734 -0.031706 -0.027902  0.021959  0.016368  0.022514  0.538407   \n",
       "mo    -0.025623 -0.027052 -0.010072 -0.007497  0.043966  0.037097 -0.021293   \n",
       "dy    -0.009754 -0.003672 -0.000344  0.005783 -0.000065 -0.004350  0.017425   \n",
       "tz    -0.001155 -0.000889 -0.001288 -0.000248  0.020861 -0.021750 -0.009674   \n",
       "stf   -0.015333 -0.012574 -0.011903 -0.002569  0.089514 -0.132844 -0.038397   \n",
       "stn   -0.016975 -0.009571 -0.005035 -0.007628 -0.267270 -0.171904 -0.094884   \n",
       "inj    1.000000  0.760394  0.396318  0.031558 -0.011022  0.034252  0.050842   \n",
       "fat    0.760394  1.000000  0.452261  0.033671 -0.010680  0.023290  0.043271   \n",
       "loss   0.396318  0.452261  1.000000  0.069435 -0.009378  0.023814 -0.006686   \n",
       "closs  0.031558  0.033671  0.069435  1.000000 -0.002874  0.002428  0.014433   \n",
       "slat  -0.011022 -0.010680 -0.009378 -0.002874  1.000000 -0.170971  0.172194   \n",
       "slon   0.034252  0.023290  0.023814  0.002428 -0.170971  1.000000  0.032839   \n",
       "elat   0.050842  0.043271 -0.006686  0.014433  0.172194  0.032839  1.000000   \n",
       "elon  -0.047573 -0.041803  0.007353 -0.014742 -0.045880  0.046009 -0.975287   \n",
       "len    0.252200  0.230123  0.113120  0.082670  0.003195  0.050416  0.299551   \n",
       "wid    0.198564  0.183429  0.145159  0.101347 -0.011076  0.053603  0.227204   \n",
       "fc    -0.013839 -0.010831 -0.004930 -0.003124  0.039313 -0.074757 -0.162807   \n",
       "mag    0.223765  0.197807  0.122979  0.032723 -0.017290  0.136228  0.084820   \n",
       "\n",
       "           elon       len       wid        fc       mag  \n",
       "om    -0.271676  0.007244  0.098176 -0.055649 -0.066736  \n",
       "yr    -0.546885 -0.075686  0.072242 -0.221095 -0.309027  \n",
       "mo     0.030595 -0.056400 -0.057693  0.019223 -0.050574  \n",
       "dy    -0.019283 -0.006369  0.011614 -0.000996 -0.010877  \n",
       "tz     0.010290 -0.000657 -0.002896 -0.002537 -0.007434  \n",
       "stf    0.044652 -0.039258 -0.019945  0.007176 -0.022188  \n",
       "stn    0.053787 -0.058978 -0.047451  0.010039 -0.081774  \n",
       "inj   -0.047573  0.252200  0.198564 -0.013839  0.223765  \n",
       "fat   -0.041803  0.230123  0.183429 -0.010831  0.197807  \n",
       "loss   0.007353  0.113120  0.145159 -0.004930  0.122979  \n",
       "closs -0.014742  0.082670  0.101347 -0.003124  0.032723  \n",
       "slat  -0.045880  0.003195 -0.011076  0.039313 -0.017290  \n",
       "slon   0.046009  0.050416  0.053603 -0.074757  0.136228  \n",
       "elat  -0.975287  0.299551  0.227204 -0.162807  0.084820  \n",
       "elon   1.000000 -0.293210 -0.226026  0.161897 -0.071248  \n",
       "len   -0.293210  1.000000  0.363591 -0.044712  0.437395  \n",
       "wid   -0.226026  0.363591  1.000000 -0.062613  0.424948  \n",
       "fc     0.161897 -0.044712 -0.062613  1.000000 -0.053580  \n",
       "mag   -0.071248  0.437395  0.424948 -0.053580  1.000000  "
      ]
     },
     "execution_count": 47,
     "metadata": {},
     "output_type": "execute_result"
    }
   ],
   "source": [
    "names = storm_df.dtypes[(storm_df.dtypes=='int64') | (storm_df.dtypes=='float64')].index\n",
    "print(names)\n",
    "tick = np.arange(0,len(names),1)\n",
    "print(tick)\n",
    "storm_df.corr()"
   ]
  },
  {
   "cell_type": "code",
   "execution_count": 50,
   "metadata": {},
   "outputs": [
    {
     "data": {
      "text/html": [
       "<div>\n",
       "<style>\n",
       "    .dataframe thead tr:only-child th {\n",
       "        text-align: right;\n",
       "    }\n",
       "\n",
       "    .dataframe thead th {\n",
       "        text-align: left;\n",
       "    }\n",
       "\n",
       "    .dataframe tbody tr th {\n",
       "        vertical-align: top;\n",
       "    }\n",
       "</style>\n",
       "<table border=\"1\" class=\"dataframe\">\n",
       "  <thead>\n",
       "    <tr style=\"text-align: right;\">\n",
       "      <th></th>\n",
       "      <th>om</th>\n",
       "      <th>yr</th>\n",
       "      <th>mo</th>\n",
       "      <th>dy</th>\n",
       "      <th>tz</th>\n",
       "      <th>stf</th>\n",
       "      <th>stn</th>\n",
       "      <th>inj</th>\n",
       "      <th>fat</th>\n",
       "      <th>loss</th>\n",
       "      <th>closs</th>\n",
       "      <th>slat</th>\n",
       "      <th>slon</th>\n",
       "      <th>elat</th>\n",
       "      <th>elon</th>\n",
       "      <th>len</th>\n",
       "      <th>wid</th>\n",
       "      <th>fc</th>\n",
       "      <th>mag</th>\n",
       "    </tr>\n",
       "  </thead>\n",
       "  <tbody>\n",
       "    <tr>\n",
       "      <th>om</th>\n",
       "      <td>1.000000</td>\n",
       "      <td>0.440625</td>\n",
       "      <td>-0.009034</td>\n",
       "      <td>0.056986</td>\n",
       "      <td>-0.004388</td>\n",
       "      <td>-0.021670</td>\n",
       "      <td>-0.174338</td>\n",
       "      <td>-0.004064</td>\n",
       "      <td>0.002236</td>\n",
       "      <td>0.002986</td>\n",
       "      <td>0.017372</td>\n",
       "      <td>0.003994</td>\n",
       "      <td>0.018468</td>\n",
       "      <td>0.267938</td>\n",
       "      <td>-0.271676</td>\n",
       "      <td>0.007244</td>\n",
       "      <td>0.098176</td>\n",
       "      <td>-0.055649</td>\n",
       "      <td>-0.066736</td>\n",
       "    </tr>\n",
       "    <tr>\n",
       "      <th>yr</th>\n",
       "      <td>0.440625</td>\n",
       "      <td>1.000000</td>\n",
       "      <td>0.011969</td>\n",
       "      <td>0.025657</td>\n",
       "      <td>0.006949</td>\n",
       "      <td>-0.052393</td>\n",
       "      <td>-0.017689</td>\n",
       "      <td>-0.037734</td>\n",
       "      <td>-0.031706</td>\n",
       "      <td>-0.027902</td>\n",
       "      <td>0.021959</td>\n",
       "      <td>0.016368</td>\n",
       "      <td>0.022514</td>\n",
       "      <td>0.538407</td>\n",
       "      <td>-0.546885</td>\n",
       "      <td>-0.075686</td>\n",
       "      <td>0.072242</td>\n",
       "      <td>-0.221095</td>\n",
       "      <td>-0.309027</td>\n",
       "    </tr>\n",
       "    <tr>\n",
       "      <th>mo</th>\n",
       "      <td>-0.009034</td>\n",
       "      <td>0.011969</td>\n",
       "      <td>1.000000</td>\n",
       "      <td>-0.042629</td>\n",
       "      <td>0.002594</td>\n",
       "      <td>0.000992</td>\n",
       "      <td>0.292656</td>\n",
       "      <td>-0.025623</td>\n",
       "      <td>-0.027052</td>\n",
       "      <td>-0.010072</td>\n",
       "      <td>-0.007497</td>\n",
       "      <td>0.043966</td>\n",
       "      <td>0.037097</td>\n",
       "      <td>-0.021293</td>\n",
       "      <td>0.030595</td>\n",
       "      <td>-0.056400</td>\n",
       "      <td>-0.057693</td>\n",
       "      <td>0.019223</td>\n",
       "      <td>-0.050574</td>\n",
       "    </tr>\n",
       "    <tr>\n",
       "      <th>dy</th>\n",
       "      <td>0.056986</td>\n",
       "      <td>0.025657</td>\n",
       "      <td>-0.042629</td>\n",
       "      <td>1.000000</td>\n",
       "      <td>-0.001202</td>\n",
       "      <td>0.002549</td>\n",
       "      <td>0.032107</td>\n",
       "      <td>-0.009754</td>\n",
       "      <td>-0.003672</td>\n",
       "      <td>-0.000344</td>\n",
       "      <td>0.005783</td>\n",
       "      <td>-0.000065</td>\n",
       "      <td>-0.004350</td>\n",
       "      <td>0.017425</td>\n",
       "      <td>-0.019283</td>\n",
       "      <td>-0.006369</td>\n",
       "      <td>0.011614</td>\n",
       "      <td>-0.000996</td>\n",
       "      <td>-0.010877</td>\n",
       "    </tr>\n",
       "    <tr>\n",
       "      <th>tz</th>\n",
       "      <td>-0.004388</td>\n",
       "      <td>0.006949</td>\n",
       "      <td>0.002594</td>\n",
       "      <td>-0.001202</td>\n",
       "      <td>1.000000</td>\n",
       "      <td>0.012658</td>\n",
       "      <td>-0.009781</td>\n",
       "      <td>-0.001155</td>\n",
       "      <td>-0.000889</td>\n",
       "      <td>-0.001288</td>\n",
       "      <td>-0.000248</td>\n",
       "      <td>0.020861</td>\n",
       "      <td>-0.021750</td>\n",
       "      <td>-0.009674</td>\n",
       "      <td>0.010290</td>\n",
       "      <td>-0.000657</td>\n",
       "      <td>-0.002896</td>\n",
       "      <td>-0.002537</td>\n",
       "      <td>-0.007434</td>\n",
       "    </tr>\n",
       "    <tr>\n",
       "      <th>stf</th>\n",
       "      <td>-0.021670</td>\n",
       "      <td>-0.052393</td>\n",
       "      <td>0.000992</td>\n",
       "      <td>0.002549</td>\n",
       "      <td>0.012658</td>\n",
       "      <td>1.000000</td>\n",
       "      <td>0.209450</td>\n",
       "      <td>-0.015333</td>\n",
       "      <td>-0.012574</td>\n",
       "      <td>-0.011903</td>\n",
       "      <td>-0.002569</td>\n",
       "      <td>0.089514</td>\n",
       "      <td>-0.132844</td>\n",
       "      <td>-0.038397</td>\n",
       "      <td>0.044652</td>\n",
       "      <td>-0.039258</td>\n",
       "      <td>-0.019945</td>\n",
       "      <td>0.007176</td>\n",
       "      <td>-0.022188</td>\n",
       "    </tr>\n",
       "    <tr>\n",
       "      <th>stn</th>\n",
       "      <td>-0.174338</td>\n",
       "      <td>-0.017689</td>\n",
       "      <td>0.292656</td>\n",
       "      <td>0.032107</td>\n",
       "      <td>-0.009781</td>\n",
       "      <td>0.209450</td>\n",
       "      <td>1.000000</td>\n",
       "      <td>-0.016975</td>\n",
       "      <td>-0.009571</td>\n",
       "      <td>-0.005035</td>\n",
       "      <td>-0.007628</td>\n",
       "      <td>-0.267270</td>\n",
       "      <td>-0.171904</td>\n",
       "      <td>-0.094884</td>\n",
       "      <td>0.053787</td>\n",
       "      <td>-0.058978</td>\n",
       "      <td>-0.047451</td>\n",
       "      <td>0.010039</td>\n",
       "      <td>-0.081774</td>\n",
       "    </tr>\n",
       "    <tr>\n",
       "      <th>inj</th>\n",
       "      <td>-0.004064</td>\n",
       "      <td>-0.037734</td>\n",
       "      <td>-0.025623</td>\n",
       "      <td>-0.009754</td>\n",
       "      <td>-0.001155</td>\n",
       "      <td>-0.015333</td>\n",
       "      <td>-0.016975</td>\n",
       "      <td>1.000000</td>\n",
       "      <td>0.760394</td>\n",
       "      <td>0.396318</td>\n",
       "      <td>0.031558</td>\n",
       "      <td>-0.011022</td>\n",
       "      <td>0.034252</td>\n",
       "      <td>0.050842</td>\n",
       "      <td>-0.047573</td>\n",
       "      <td>0.252200</td>\n",
       "      <td>0.198564</td>\n",
       "      <td>-0.013839</td>\n",
       "      <td>0.223765</td>\n",
       "    </tr>\n",
       "    <tr>\n",
       "      <th>fat</th>\n",
       "      <td>0.002236</td>\n",
       "      <td>-0.031706</td>\n",
       "      <td>-0.027052</td>\n",
       "      <td>-0.003672</td>\n",
       "      <td>-0.000889</td>\n",
       "      <td>-0.012574</td>\n",
       "      <td>-0.009571</td>\n",
       "      <td>0.760394</td>\n",
       "      <td>1.000000</td>\n",
       "      <td>0.452261</td>\n",
       "      <td>0.033671</td>\n",
       "      <td>-0.010680</td>\n",
       "      <td>0.023290</td>\n",
       "      <td>0.043271</td>\n",
       "      <td>-0.041803</td>\n",
       "      <td>0.230123</td>\n",
       "      <td>0.183429</td>\n",
       "      <td>-0.010831</td>\n",
       "      <td>0.197807</td>\n",
       "    </tr>\n",
       "    <tr>\n",
       "      <th>loss</th>\n",
       "      <td>0.002986</td>\n",
       "      <td>-0.027902</td>\n",
       "      <td>-0.010072</td>\n",
       "      <td>-0.000344</td>\n",
       "      <td>-0.001288</td>\n",
       "      <td>-0.011903</td>\n",
       "      <td>-0.005035</td>\n",
       "      <td>0.396318</td>\n",
       "      <td>0.452261</td>\n",
       "      <td>1.000000</td>\n",
       "      <td>0.069435</td>\n",
       "      <td>-0.009378</td>\n",
       "      <td>0.023814</td>\n",
       "      <td>-0.006686</td>\n",
       "      <td>0.007353</td>\n",
       "      <td>0.113120</td>\n",
       "      <td>0.145159</td>\n",
       "      <td>-0.004930</td>\n",
       "      <td>0.122979</td>\n",
       "    </tr>\n",
       "    <tr>\n",
       "      <th>closs</th>\n",
       "      <td>0.017372</td>\n",
       "      <td>0.021959</td>\n",
       "      <td>-0.007497</td>\n",
       "      <td>0.005783</td>\n",
       "      <td>-0.000248</td>\n",
       "      <td>-0.002569</td>\n",
       "      <td>-0.007628</td>\n",
       "      <td>0.031558</td>\n",
       "      <td>0.033671</td>\n",
       "      <td>0.069435</td>\n",
       "      <td>1.000000</td>\n",
       "      <td>-0.002874</td>\n",
       "      <td>0.002428</td>\n",
       "      <td>0.014433</td>\n",
       "      <td>-0.014742</td>\n",
       "      <td>0.082670</td>\n",
       "      <td>0.101347</td>\n",
       "      <td>-0.003124</td>\n",
       "      <td>0.032723</td>\n",
       "    </tr>\n",
       "    <tr>\n",
       "      <th>slat</th>\n",
       "      <td>0.003994</td>\n",
       "      <td>0.016368</td>\n",
       "      <td>0.043966</td>\n",
       "      <td>-0.000065</td>\n",
       "      <td>0.020861</td>\n",
       "      <td>0.089514</td>\n",
       "      <td>-0.267270</td>\n",
       "      <td>-0.011022</td>\n",
       "      <td>-0.010680</td>\n",
       "      <td>-0.009378</td>\n",
       "      <td>-0.002874</td>\n",
       "      <td>1.000000</td>\n",
       "      <td>-0.170971</td>\n",
       "      <td>0.172194</td>\n",
       "      <td>-0.045880</td>\n",
       "      <td>0.003195</td>\n",
       "      <td>-0.011076</td>\n",
       "      <td>0.039313</td>\n",
       "      <td>-0.017290</td>\n",
       "    </tr>\n",
       "    <tr>\n",
       "      <th>slon</th>\n",
       "      <td>0.018468</td>\n",
       "      <td>0.022514</td>\n",
       "      <td>0.037097</td>\n",
       "      <td>-0.004350</td>\n",
       "      <td>-0.021750</td>\n",
       "      <td>-0.132844</td>\n",
       "      <td>-0.171904</td>\n",
       "      <td>0.034252</td>\n",
       "      <td>0.023290</td>\n",
       "      <td>0.023814</td>\n",
       "      <td>0.002428</td>\n",
       "      <td>-0.170971</td>\n",
       "      <td>1.000000</td>\n",
       "      <td>0.032839</td>\n",
       "      <td>0.046009</td>\n",
       "      <td>0.050416</td>\n",
